3 10 0
12 53 0
8 7 0
7 51 0
11 36 0
4 49 0
4 35 0
11 46 0
6 29 0
3 58 0
10 41 0
9 50 0
8 23 0
9 36 0
6 54 0
3 23 0
6 9 0
2 9 0
0 12 0
8 18 0
7 9 0
6 54 0
6 23 0
1 4 0
3 27 0
8 50 0
9 27 0
11 15 0
2 58 0
7 38 0
11 59 0
2 42 0
3 57 0
9 11 0
10 37 0
1 12 0
5 34 0
5 35 0
0 11 0
3 26 0
8 41 0
4 5 0
1 11 0
6 10 0
12 49 0
3 11 0
4 31 0
4 35 0
8 39 0
9 17 0
62 28 1
65 19 1
71 60 1
62 27 1
69 15 1
72 39 1
61 59 1
60 21 1
70 5 1
63 46 1
61 24 1
67 57 1
64 11 1
63 47 1
69 42 1
67 30 1
70 31 1
65 48 1
60 52 1
72 24 1
67 3 1
72 15 1
67 44 1
68 45 1
63 30 1
61 58 1
61 36 1
64 40 1
69 42 1
60 24 1
66 11 1
60 26 1
65 2 1
62 43 1
60 30 1
61 57 1
69 56 1
62 30 1
66 43 1
63 22 1
71 37 1
68 13 1
70 18 1
70 10 1
65 7 1
69 10 1
61 4 1
69 35 1
60 32 1
71 57 1
